


f_1  = 1E-25 : 0.003125: 0.99999999;

a=[1.09359048110094E-24,1.5363628255969E-07,1.63301439846242E-13,1.09209975087214E-14,2.74351286234325E-15,1.07479309394454E-15,5.30119573190608E-16,3.01252771876318E-16,1.88482471326351E-16,1.26447490342635E-16,8.94455005824751E-17,6.59608601856851E-17,5.03033145295186E-17,3.94378537185235E-17,3.16431947748097E-17,2.58925860075589E-17,2.15471215591676E-17,1.81946854570305E-17,1.55610896786757E-17,1.34589268034375E-17,1.17570317586963E-17,1.03616542931852E-17,9.20448106472798E-18,8.23502642564788E-18,7.4152123050372E-18,6.71604345234002E-18,6.11513090368077E-18,5.59498598435675E-18,5.14180194933584E-18,4.74457151793186E-18,4.39443934328749E-18,4.08422112361571E-18,3.80804246734771E-18,3.56106486309296E-18,3.33927572373671E-18,3.13932606185135E-18,2.9584039224785E-18,2.79413490810118E-18,2.64450340965971E-18,2.50778979165218E-18,2.38251996506277E-18,2.26742464996951E-18,2.16140626830103E-18,2.06351188556311E-18,1.97291097694508E-18,1.88887706414409E-18,1.81077247522659E-18,1.73803563752454E-18,1.67017043570045E-18,1.60673726161001E-18,1.54734545655681E-18,1.49164690468073E-18,1.43933058194159E-18,1.39011790174105E-18,1.34375872722745E-18,1.30002794356419E-18,1.25872250234296E-18,1.21965886533641E-18,1.18267078721958E-18,1.14760738697623E-18,1.11433146583542E-18,1.08271803641156E-18,1.05265303332506E-18,1.02403218015925E-18,9.96759991469455E-19,9.70748891784184E-19,9.45918436140566E-19,9.22194619053492E-19,8.99509260572565E-19,8.77799459805158E-19,8.57007107499032E-19,8.37078450559187E-19,8.17963702204406E-19,7.99616692407442E-19,7.81994553911641E-19,7.65057439743248E-19,7.48768268647969E-19,7.33092495339278E-19,7.17997902821226E-19,7.03454414403448E-19,6.89433923280524E-19,6.75910137828787E-19,6.6285844098073E-19,6.50255762230109E-19,6.38080460974238E-19,6.26312220066614E-19,6.14931948563427E-19,6.03921692766392E-19,5.93264554756092E-19,5.82944617702322E-19,5.72946877318648E-19,5.63257178876191E-19,5.53862159276827E-19,5.44749193715915E-19,5.3590634652464E-19,5.27322325823829E-19,5.18986441650982E-19,5.10888567250843E-19,5.03019103274917E-19,4.9536894462452E-19,4.87929449725474E-19,4.80692412026636E-19,4.73650033546316E-19,4.66794900286799E-19,4.60119959380486E-19,4.53618497821539E-19,4.47284122656704E-19,4.41110742524703E-19,4.3509255044108E-19,4.29224007726505E-19,4.23499828999692E-19,4.17914968146997E-19,4.12464605202352E-19,4.07144134069215E-19,4.01949151016957E-19,3.96875443907192E-19,3.91918982083457E-19,3.87075906892305E-19,3.82342522776644E-19,3.77715288914409E-19,3.73190811354533E-19,3.68765835623934E-19,3.64437239767543E-19,3.60202027796738E-19,3.56057323516077E-19,3.52000364705458E-19,3.48028497631807E-19,3.44139171871337E-19,3.40329935421051E-19,3.36598430082386E-19,3.32942387096338E-19,3.29359623019321E-19,3.25848035820345E-19,3.22405601187889E-19,3.19030369033563E-19,3.15720460180329E-19,3.12474063223974E-19,3.09289431556741E-19,3.06164880546052E-19,3.03098784856193E-19,3.00089575905888E-19,2.97135739454609E-19,2.94235813308441E-19,2.91388385140594E-19,2.88592090418754E-19,2.85845610433304E-19,2.83147670421497E-19,2.80497037781745E-19,2.77892520373703E-19,2.75332964897321E-19,2.72817255350317E-19,2.70344311556101E-19,2.67913087760904E-19,2.6552257129464E-19,2.63171781294118E-19,2.60859767482933E-19,2.58585609007995E-19,2.56348413326451E-19,2.54147315143056E-19,2.51981475394868E-19,2.49850080279272E-19,2.47752340325243E-19,2.45687489504777E-19,2.43654784382205E-19,2.41653503299908E-19,2.39682945598899E-19,2.37742430871785E-19,2.35831298247214E-19,2.33948905704333E-19,2.32094629415254E-19,2.30267863114619E-19,2.28468017495217E-19,2.26694519627413E-19,2.24946812402587E-19,2.23224353998939E-19,2.21526617367798E-19,2.19853089741273E-19,2.18203272158274E-19,2.16576679010027E-19,2.14972837602287E-19,2.13391287735226E-19,2.1183158129902E-19,2.10293281885138E-19,2.08775964411871E-19,2.07279214764731E-19,2.05802629449767E-19,2.04345815259787E-19,2.02908388953575E-19,2.01489976945954E-19,2.00090215010167E-19,1.98708747990274E-19,1.97345229524782E-19,1.95999321779364E-19,1.94670695189753E-19,1.93359028213806E-19,1.92064007091763E-19,1.90785325615729E-19,1.89522684906549E-19,1.88275793198959E-19,1.870443656339E-19,1.85828124057977E-19,1.84626796830062E-19,1.83440118634054E-19,1.82267830298575E-19,1.81109678622104E-19,1.79965416204366E-19,1.78834801283381E-19,1.77717597577751E-19,1.76613574134139E-19,1.75522505179976E-19,1.74444169980714E-19,1.73378352701919E-19,1.72324842275838E-19,1.71283432271994E-19,1.70253920772309E-19,1.69236110249933E-19,1.68229807451981E-19,1.67234823286045E-19,1.66250972710133E-19,1.65278074626307E-19,1.64315951777205E-19,1.63364430646173E-19,1.62423341360334E-19,1.6149251759651E-19,1.60571796490064E-19,1.5966101854677E-19,1.58760027556885E-19,1.57868670512231E-19,1.56986797525456E-19,1.56114261751847E-19,1.55250919313515E-19,1.54396629225584E-19,1.53551253324839E-19,1.52714656200289E-19,1.51886705125681E-19,1.51067269994227E-19,1.50256223254907E-19,1.49453439850903E-19,1.48658797159451E-19,1.4787217493379E-19,1.4709345524643E-19,1.46322522434177E-19,1.4555926304469E-19,1.44803565784499E-19,1.44055321468461E-19,1.43314422970695E-19,1.42580765176742E-19,1.41854244937203E-19,1.41134761022451E-19,1.40422214078749E-19,1.39716506585437E-19,1.39017542813369E-19,1.3832522878442E-19,1.37639472231982E-19,1.36960182562799E-19,1.36287270819398E-19,1.35620649643933E-19,1.3496023324267E-19,1.34305937351595E-19,1.33657679202773E-19,1.33015377491696E-19,1.32378952345458E-19,1.31748325291663E-19,1.3112341922825E-19,1.30504158394006E-19,1.29890468339874E-19,1.29282275900928E-19,1.28679509169203E-19,1.2808209746698E-19,1.27489971320975E-19,1.26903062437014E-19,1.26321303675355E-19,1.25744629026747E-19,1.25172973588919E-19,1.24606273543735E-19,1.24044466134858E-19,1.23487489646078E-19,1.22935283379974E-19,1.22387787637246E-19,1.218449436965E-19,1.21306693794526E-19,1.20772981106979E-19,1.20243749729625E-19,1.19718944659994E-19,1.19198511779425E-19,1.18682397835554E-19,1.18170550425305E-19,1.17662917978101E-19,1.17159449739616E-19,1.16660095755871E-19,1.1616480685763E-19,1.15673534645245E-19,1.15186231473794E-19,1.14702850438582E-19,1.14223345360958E-19,1.1374767077445E-19,1.13275781911256E-19,1.12807634689E-19,1.12343185697753E-19,1.11882392187455E-19,1.11425212055503E-19,1.10971603834655E-19,1.1052152668125E-19,1.10074940363588E-19,1.09631805250692E-19,1.09192082301183E-19,1.08755733052489E-19,1.08322719610283E-19,1.07893004638091E-19,1.07466551347193E-19,1.07043323486708E-19,1.06623285333865E-19,1.06206401684564E-19,1.0579263784405E-19,1.05381959617834E-19,1.04974333302788E-19,1.04569725678444E-19,1.04168103998471E-19,1.03769435982321E-19,1.03373689807033E-19];
