


f_1  =[0.01, 0.3125 : 0.3125 : 100];

a=[2.72273955631242E-11,5.27744720155512E-14,9.64666567718395E-12,1.20977421580007E-07,2.30422600012323E-30,3.22460180808039E-29,7.96841162654673E-29,1.39548107118968E-28,2.09645561656339E-28,2.88654515426641E-28,3.75663794688519E-28,4.69995684039862E-28,5.71120396842473E-28,6.7860893759716E-28,7.92104664817655E-28,9.1130496912839E-28,1.03594885972234E-27,1.1658082128843E-27,1.30068139996165E-27,1.44038852205469E-27,1.5847677652176E-27,1.73367255831926E-27,1.88696931972259E-27,2.04453564447666E-27,2.20625882730779E-27,2.37203464516458E-27,2.54176634362546E-27,2.71536378518831E-27,2.89274272768096E-27,3.07382420823863E-27,3.25853401385208E-27,3.44680222337694E-27,3.63856280910284E-27,3.83375328826199E-27,4.03231441671912E-27,4.23418991843692E-27,4.43932624565663E-27,4.64767236527448E-27,4.85917956797025E-27,5.07380129702225E-27,5.29149299425103E-27,5.51221196101552E-27,5.73591723234918E-27,5.96256946268034E-27,6.19213082191964E-27,6.4245649005567E-27,6.65983662293526E-27,6.89791216777952E-27,7.13875889495489E-27,7.38234527859055E-27,7.62864084488274E-27,7.8776161150447E-27,8.12924255174811E-27,8.38349251082687E-27,8.64033919519507E-27,8.89975661246874E-27,9.16171953557428E-27,9.42620346585582E-27,9.69318459870586E-27,9.96263979138149E-27,1.02345465329014E-26,1.05088829158112E-26,1.0785627609688E-26,1.10647598362434E-26,1.13462593459158E-26,1.16301063957899E-26,1.19162817288527E-26,1.22047665543617E-26,1.24955425293486E-26,1.27885917410557E-26,1.30838966904498E-26,1.33814402765172E-26,1.36812057813203E-26,1.3983176856036E-26,1.42873375074844E-26,1.45936720854393E-26,1.49021652705432E-26,1.52128020628109E-26,1.55255677707077E-26,1.5840448000625E-26,1.61574286470916E-26,1.6476495883329E-26,1.67976361516527E-26,1.71208361556939E-26,1.74460828515884E-26,1.77733634401056E-26,1.81026653592689E-26,1.84339762769996E-26,1.87672840842183E-26,1.91025768882031E-26,1.94398430062225E-26,1.9779070959428E-26,2.01202494669916E-26,2.04633674404772E-26,2.08084139784375E-26,2.11553783611982E-26,2.15042500460788E-26,2.18550186618151E-26,2.22076740050647E-26,2.25622060351931E-26,2.29186048701925E-26,2.32768607825366E-26,2.36369641951914E-26,2.39989056777878E-26,2.4362675942929E-26,2.47282658425524E-26,2.50956663645217E-26,2.5464868629329E-26,2.58358638868545E-26,2.62086435132457E-26,2.65831990077139E-26,2.69595219900588E-26,2.73376041975175E-26,2.77174374821413E-26,2.80990138081627E-26,2.84823252494317E-26,2.88673639869572E-26,2.92541223065119E-26,2.96425925963346E-26,3.0032767344806E-26,3.04246391383273E-26,3.08182006592593E-26,3.12134446837843E-26,3.16103640799786E-26,3.20089518057687E-26,3.24092009072238E-26,3.28111045166249E-26,3.3214655850815E-26,3.3619848209117E-26,3.4026674972209E-26,3.44351296001495E-26,3.48452056309091E-26,3.52568966787038E-26,3.56701964327173E-26,3.60850986555389E-26,3.65015971816568E-26,3.69196859162768E-26,3.73393588338562E-26,3.77606099768334E-26,3.81834334543584E-26,3.86078234410575E-26,3.90337741758358E-26,3.94612799606773E-26,3.98903351595412E-26,4.03209341972214E-26,4.07530715582639E-26,4.11867417859141E-26,4.16219394811039E-26,4.20586593013162E-26,4.24968959598822E-26,4.29366442245874E-26,4.33778989172017E-26,4.3820654912287E-26,4.42649071363606E-26,4.47106505670322E-26,4.51578802321581E-26,4.56065912089949E-26,4.60567786233847E-26,4.65084376489794E-26,4.69615635064999E-26,4.74161514629265E-26,4.78721968305162E-26,4.83296949666571E-26,4.87886412726976E-26,4.92490311933851E-26,4.97108602161843E-26,5.01741238706137E-26,5.06388177275961E-26,5.11049373988712E-26,5.15724785362409E-26,5.20414368310332E-26,5.25118080136144E-26,5.29835878526753E-26,5.34567721546946E-26,5.39313567633675E-26,5.44073375601108E-26,5.48847104595233E-26,5.53634714146272E-26,5.58436164127889E-26,5.63251414757109E-26,5.68080426595655E-26,5.72923160537576E-26,5.77779577811143E-26,5.82649639970626E-26,5.87533308892503E-26,5.92430546771025E-26,5.97341316114464E-26,6.02265579738277E-26,6.07203300764805E-26,6.12154442618231E-26,6.17118969014871E-26,6.22096843965339E-26,6.27088031771637E-26,6.32092497018768E-26,6.37110204574395E-26,6.42141119579971E-26,6.4718520745543E-26,6.52242433886423E-26,6.57312764828629E-26,6.62396166500617E-26,6.6749260537905E-26,6.72602048198834E-26,6.77724461947564E-26,6.8285981386456E-26,6.88008071432291E-26,6.93169202380818E-26,6.98343174679937E-26,7.03529956537194E-26,7.08729516395837E-26,7.13941822929392E-26,7.19166845042793E-26,7.24404551866647E-26,7.29654912753285E-26,7.3491789727897E-26,7.40193475237446E-26,7.45481616639675E-26,7.50782291705268E-26,7.56095470869157E-26,7.61421124773018E-26,7.6675922426432E-26,7.72109740394008E-26,7.77472644414057E-26,7.82847907775304E-26,7.88235502125572E-26,7.93635399304971E-26,7.99047571347719E-26,8.04471990477173E-26,8.09908629105147E-26,8.15357459834463E-26,8.20818455431888E-26,8.26291588865549E-26,8.31776833284501E-26,8.37274161992285E-26,8.4278354849009E-26,8.48304966447934E-26,8.53838389703505E-26,8.59383792266319E-26,8.64941148322777E-26,8.70510432201924E-26,8.76091618418349E-26,8.81684681644129E-26,8.87289596713003E-26,8.92906338613663E-26,8.98534882497443E-26,9.04175203669299E-26,9.09827277587675E-26,9.15491079865352E-26,9.2116658626594E-26,9.26853772701745E-26,9.32552615234856E-26,9.38263090073048E-26,9.43985173569397E-26,9.49718842220429E-26,9.55464072664789E-26,9.61220841682334E-26,9.66989126192313E-26,9.72768903250119E-26,9.78560150049874E-26,9.84362843921218E-26,9.90176962324985E-26,9.96002482857971E-26,1.00183938324501E-25,1.00768764134684E-25,1.01354723514264E-25,1.01941814274689E-25,1.02530034239952E-25,1.03119381246488E-25,1.03709853143167E-25,1.04301447790972E-25,1.04894163063222E-25,1.05487996845031E-25,1.06082947033564E-25,1.06679011537939E-25,1.07276188279056E-25,1.07874475188864E-25,1.08473870211347E-25,1.09074371301791E-25,1.09675976426462E-25,1.1027868356331E-25,1.10882490700747E-25,1.11487395838547E-25,1.12093396987273E-25,1.1270049216813E-25,1.1330867941356E-25,1.13917956765542E-25,1.14528322277482E-25,1.15139774012827E-25,1.15752310045383E-25,1.163659284591E-25,1.16980627348214E-25,1.17596404816655E-25,1.18213258978617E-25,1.18831187958037E-25,1.19450189888639E-25,1.20070262913865E-25,1.20691405186866E-25,1.21313614870018E-25,1.21936890135068E-25,1.22561229163548E-25,1.23186630146093E-25,1.23813091282519E-25,1.24440610781742E-25,1.25069186861761E-25,1.25698817749757E-25,1.2632950168125E-25,1.26961236901014E-25,1.27594021662368E-25,1.28227854227771E-25,1.28862732867441E-25,1.29498655860861E-25,1.30135621495744E-25,1.30773628068168E-25,1.31412673882566E-25,1.32052757251637E-25,1.32693876496228E-25,1.33336029945601E-25,1.33979215936462E-25,1.3462343281409E-25,1.35268678931115E-25,1.35914952648668E-25,1.36562252335367E-25];
