


f_1  = [0.01:0.001125:0.1, ...   % stop before 0.1
    0.11125:0.01125:1, ...      % stop before 1.0
    1.1125:0.1125:10, ...          % stop before 10
    11.125:1.125:100
]; % multi-step GR

a=[3.62098979689865E-12,5.83740237280998E-14,1.2264747596491E-14,1.03807091918136E-14,1.10240404804956E-14,1.17208864277565E-14,1.24763804519475E-14,1.32961713305716E-14,1.41864721592878E-14,1.515411301088E-14,1.62065973932819E-14,1.73521625770357E-14,1.8599843859102E-14,1.99595427969643E-14,2.14420994325486E-14,2.30593685104397E-14,2.48242996860024E-14,2.67510217174032E-14,2.88549306398236E-14,3.11527819514875E-14,3.36627868359538E-14,3.64047124872905E-14,3.93999867404794E-14,4.26718070719016E-14,4.62452542873105E-14,5.01474111665982E-14,5.44074864378249E-14,5.90569444887513E-14,6.41296414305398E-14,6.96619677319802E-14,7.56929985817125E-14,8.22646520956818E-14,8.94218563982563E-14,9.72127262126648E-14,1.05688749750582E-13,1.1490498670984E-13,1.24920278208173E-13,1.3579746942781E-13,1.47603646407316E-13,1.60410386182569E-13,1.74294023904009E-13,1.89335935710142E-13,2.05622837960782E-13,2.23247106574982E-13,2.4230711412874E-13,2.62907587656425E-13,2.85159987965007E-13,3.0918290929655E-13,3.35102505038554E-13,3.63052933369134E-13,3.9317683104624E-13,4.25625810226043E-13,4.60560983163729E-13,4.98153510781004E-13,5.38585182257198E-13,5.82049017795352E-13,6.28749901884442E-13,6.78905241948787E-13,7.32745654340364E-13,7.90515676132172E-13,8.52474501650429E-13,9.1889674214738E-13,9.90073206519044E-13,1.06631170043501E-12,1.14793784061608E-12,1.23529588033073E-12,1.32874954142843E-12,1.42868284743054E-12,1.53550095132762E-12,1.64963095082074E-12,1.77152268278843E-12,1.90164948777119E-12,2.04050893426837E-12,2.18862349165919E-12,2.34654113959721E-12,2.51483590085222E-12,2.69410828377321E-12,2.88498561990863E-12,3.08812228184238E-12,3.30419976606962E-12,3.53392662575669E-12,6.75609651213338E-12,1.22567358185035E-11,2.10549675305321E-11,3.38499026204081E-11,4.71107794274775E-11,5.82878977961617E-11,7.91977304371689E-11,1.11104656087771E-10,1.51893333545061E-10,1.96993820996852E-10,2.44469808557737E-10,2.87572519231343E-10,2.82693240365418E-10,3.10736955280152E-10,3.50347481987373E-10,4.02445383831828E-10,4.67562130143675E-10,5.45219638755479E-10,6.33675634567972E-10,7.30342556497927E-10,8.32717137756355E-10,9.39184905106869E-10,1.04922356167757E-09,1.16309983297052E-09,1.16301357122441E-09,1.17362247932569E-09,1.19409064840276E-09,1.22398390772551E-09,1.26312525365448E-09,1.31164175990888E-09,1.3698040595605E-09,1.4380254621432E-09,1.51683153655878E-09,1.60683268205437E-09,1.70869759192268E-09,1.82312675935566E-09,1.95082612322314E-09,2.09248177087499E-09,2.24860754891413E-09,2.4199109848E-09,2.606905314968E-09,2.81003000553083E-09,3.02965694257733E-09,3.26610523162279E-09,3.5196631192725E-09,3.7906149426063E-09,4.07926983561731E-09,4.38599032611218E-09,4.71121810567978E-09,5.05549569464532E-09,5.41948327101234E-09,5.80397063771656E-09,6.20988479386879E-09,6.63829386837544E-09,7.0904082633857E-09,7.5675797749815E-09,8.07088042612623E-09,8.60237316131026E-09,9.16381352508989E-09,9.75708566700734E-09,1.03841978262623E-08,1.02636396575863E-08,1.10300455966238E-08,1.1829930446394E-08,1.26663452866808E-08,1.25194936719754E-08,1.35094353263356E-08,1.45385875935026E-08,1.56105992097561E-08,1.54244274795279E-08,1.6661168491928E-08,1.79450584374159E-08,1.92797995472547E-08,2.06689507664218E-08,2.04018250310407E-08,2.19714662342539E-08,2.35984247473258E-08,2.52852650108821E-08,2.70340529055561E-08,2.8846259270183E-08,2.50239842874556E-08,1.98016981289087E-08,3.20807041657154E-08,2.3120982568772E-07,1.28989421031187E-06,1.12496012580968E-05,1.26077957087115E-05,1.43855910999913E-05,1.61819422058354E-05,1.33610763898262E-05,1.32258933563198E-05,1.24033075921238E-05,1.21647960998294E-05,1.24378539795247E-05,1.31166396314863E-05,1.41097096253844E-05,1.37267319718773E-05,1.36491064216976E-05,1.37743223873963E-05,0.000014039290764322,1.44049491637008E-05,1.48456814053026E-05,1.53489385390963E-05,0.000015900034509558,1.64914681124595E-05,1.71169087901316E-05,1.77725235062658E-05,1.84547027631239E-05,1.91608768419287E-05,1.98878121802161E-05,2.06340176750625E-05,0.000021397368266231,2.19695301079442E-05,2.25548729662131E-05,2.31520001004171E-05,2.37598230217805E-05,2.43773069248929E-05,2.50035830367856E-05,2.56379067160618E-05,0.000026279659859256,2.69282156469315E-05,2.75831040985988E-05,2.82437903406437E-05,2.89098952714364E-05,2.95809512890348E-05,3.02566261952272E-05,3.09365918945397E-05,3.16204192708691E-05,3.23078564225258E-05,3.29985952255754E-05,3.36778002691708E-05,3.43608194568161E-05,3.50474886586642E-05,3.57376493499082E-05,3.64311607828097E-05,3.71278838964356E-05,3.78276894554906E-05,3.85304582809461E-05,3.92360524607526E-05,0.000039944527922137,4.06554194316475E-05,4.13690250377008E-05,4.20850597997656E-05,4.28034292342286E-05,4.35240503029445E-05,4.42468244358559E-05,4.49716687004659E-05,4.56984996386146E-05,4.64272382112106E-05,4.71578029882912E-05,4.78901276086865E-05,4.86241287643427E-05,4.93597315513096E-05,5.00968633982186E-05,5.08354413550731E-05,5.15753990892045E-05,5.23227237954098E-05,5.30718482567514E-05,5.38227191212719E-05,5.45752982930787E-05,5.74117963182024E-05,6.10006691100841E-05,6.49890210831069E-05,6.91868974755401E-05,7.34758490228963E-05,7.77741596859003E-05,8.20219227898974E-05,8.61740339366788E-05,9.01966191745505E-05,9.40687574542965E-05,9.77225045301519E-05,0.000101240495925273,0.000104571403099488,0.000107720093923372,0.000110683810926121,0.000113468075125286,0.000116080356758692,0.000118529433648879,0.000120824855349169,0.000122977329354533,0.000124995127800672,0.000126888864363464,0.000128667902693412,0.000130341119162214,0.000131909113050019,0.000133396722249492,0.000134800734147986,0.000136129572282573,0.000137387463010134,0.000138580891625038,0.000139714895881616,0.000140794063587388,0.000141822566473228,0.00014271932302337,0.000143666192119773,0.000144571067445652,0.000145437826410564,0.00014626997311494,0.000147068202399789,0.00014783565123545,0.000148574345303537,0.000149286138657073,0.000149972723516053,0.000150635651078674,0.000151276344368443,0.000151896112369097,0.000152496158084945,0.000153077591356672,0.000153641433630661,0.000154188630590068,0.000154713357071586,0.000155231076791976,0.000155734481029722,0.000156223554169407,0.000156700458147572,0.000157164316014486,0.000157617169459668,0.000158058788915637,0.000158488988224731,0.000158908977506028,0.000159319191694922,0.000159720707869626,0.00016011318767569,0.000160496340274109,0.000160871866142754,0.000161238741115896,0.000161597963927866,0.000161950451921183,0.000162295169428136,0.000162633667616944,0.00016296490778605,0.000163290391466013,0.000163609682803791,0.000163922394098382,0.000164229364721385,0.000164530783403737,0.000164826826977726,0.000165118239890522,0.000165404568618556,0.000165685970561856];
