


f_1  = [0.01:0.001125:0.1, ...   % stop before 0.1
    0.11125:0.01125:1, ...      % stop before 1.0
    1.1125:0.1125:10, ...          % stop before 10
    11.125:1.125:100
]; % multi-step GR

a=[3.05605697660878E-12,3.05145605032529E-12,3.04685862265176E-12,3.04226469321691E-12,3.03767426165014E-12,3.03308732756322E-12,3.02850389059989E-12,3.02392395024027E-12,3.01934750646882E-12,3.0147745588229E-12,3.01020510698028E-12,3.00563915044386E-12,3.00107668890891E-12,2.99651772217153E-12,2.99196224976569E-12,2.98741027146487E-12,2.98286178667839E-12,2.97831679539701E-12,2.97377529708518E-12,2.9692372914896E-12,2.96470277832033E-12,2.96017175705878E-12,2.95564422761183E-12,2.95112018947433E-12,2.94659964236447E-12,2.94208258605589E-12,2.93756902013644E-12,2.93305894426063E-12,2.92855235816419E-12,2.92404926151151E-12,2.91954965370272E-12,2.91505353508465E-12,2.91056090488954E-12,2.9060717626256E-12,2.90158610849772E-12,2.89710394194726E-12,2.89262526247342E-12,2.88815006999566E-12,2.88367836436005E-12,2.87921014480003E-12,2.8747454112892E-12,2.87028416349553E-12,2.86582640116255E-12,2.86137212393886E-12,2.8569213315001E-12,2.85247402380288E-12,2.8480302001986E-12,2.84358986052746E-12,2.83915300453291E-12,2.8347196320004E-12,2.83028974258126E-12,2.82586333579803E-12,2.82144041167759E-12,2.81702096963057E-12,2.81260500969309E-12,2.80819253112021E-12,2.80378353412034E-12,2.79937801824682E-12,2.79497598310992E-12,2.79057742833887E-12,2.78618235406344E-12,2.78179075986587E-12,2.77740264546753E-12,2.77301801018956E-12,2.76863685416572E-12,2.76425917702866E-12,2.75988497865863E-12,2.75551425859413E-12,2.75114701673835E-12,2.74678325254907E-12,2.74242296608338E-12,2.73806615686021E-12,2.73371282477848E-12,2.72936296954444E-12,2.72501659072851E-12,2.72067368846591E-12,2.7163342619566E-12,2.71199831141223E-12,2.70766583633031E-12,2.70333683660285E-12,2.69901131181599E-12,2.65579860566434E-12,2.6129336515837E-12,2.57041646575034E-12,2.5282470650292E-12,2.48642546824306E-12,2.44495169366159E-12,2.40382576209487E-12,2.36304769426264E-12,2.32261751293907E-12,2.28253524031112E-12,2.24280090062659E-12,2.20341451843891E-12,2.1643761184983E-12,2.12568572786052E-12,2.08734337302593E-12,2.0493490810425E-12,2.01170288033246E-12,1.9744048002311E-12,1.93745486922193E-12,1.90085311824821E-12,1.86459957710259E-12,1.82869427655635E-12,1.79313724803941E-12,1.7579285229643E-12,1.72306813482046E-12,1.68855611561878E-12,1.6543924977994E-12,1.62057731543144E-12,1.58711060071535E-12,1.5539923880093E-12,1.5212227108413E-12,1.48880160379215E-12,1.45672910096857E-12,1.42500523671934E-12,1.39363004572383E-12,1.36260356225578E-12,1.33192582047726E-12,1.30159685548979E-12,1.27161670111322E-12,1.24198539229501E-12,1.2127029630895E-12,1.18376944747988E-12,1.15518487945823E-12,1.1269492933179E-12,1.09906272252784E-12,1.07152520085088E-12,1.04433675965376E-12,1.01749743302322E-12,9.91007252958742E-13,9.64866252276352E-13,9.39074461598493E-13,9.13631912053388E-13,8.88538634617717E-13,8.63794659611464E-13,8.39400015898002E-13,8.15354733096688E-13,7.91658839137651E-13,7.68312362223758E-13,7.45315329012494E-13,7.22667765738365E-13,7.00369698137401E-13,6.78421151183538E-13,6.56822148406416E-13,6.35572712721537E-13,6.14672865928349E-13,5.94122628945462E-13,5.73922022475107E-13,5.5407106484333E-13,5.34569773999644E-13,5.15418166808621E-13,4.96616258187963E-13,4.78164062705286E-13,4.600615929435E-13,4.42308860321824E-13,4.24905874746024E-13,4.07852644690182E-13,3.91149177139759E-13,3.74795477364437E-13,3.58791548384516E-13,3.43137392032719E-13,2.05837070996453E-13,1.03660588338065E-13,3.635609925473E-14,3.56462074512263E-15,8.74061727806769E-13,4.0446446650721E-12,8.49802725814935E-12,1.39149857064998E-11,2.0150839292466E-11,2.71101121229911E-11,3.4723791714885E-11,4.29395455915775E-11,5.17159109295019E-11,6.10189779279747E-11,7.08203405556743E-11,8.10957503610484E-11,9.18241904708567E-11,1.029872158922E-10,1.14568467508962E-10,1.26553258305189E-10,1.38928424819153E-10,1.51681983545275E-10,1.64802990410979E-10,1.78281399904992E-10,1.92107948247335E-10,2.0627470705524E-10,2.20773663490822E-10,2.35597100986615E-10,2.50743922678503E-10,2.66205997104159E-10,2.81961623476477E-10,3.01465003870171E-10,3.18111986725695E-10,3.35132994527065E-10,3.52566593491277E-10,3.70493073698044E-10,3.88466888395616E-10,4.06481214325419E-10,4.24765468608783E-10,4.4331572358719E-10,4.62127649292975E-10,4.81198054820558E-10,5.00523539483286E-10,5.20100773916249E-10,5.39926555546752E-10,5.59997800759933E-10,5.80311538581875E-10,6.00864903054945E-10,6.21655128749707E-10,6.42679543146695E-10,6.63935560570635E-10,6.85420682814519E-10,7.07132486408608E-10,7.29068627291138E-10,7.5122683099744E-10,7.73604891202565E-10,7.96200664156113E-10,8.19012072352339E-10,8.42037091500969E-10,8.6527375631224E-10,8.88720152504271E-10,9.1237442136655E-10,9.36234743400176E-10,9.60299359359862E-10,9.84566546425425E-10,1.00903462393071E-09,1.0337019542267E-09,1.0585669398636E-09,1.08362801992104E-09,1.10888367218016E-09,1.13433240419556E-09,1.15997276143217E-09,1.18580332454545E-09,1.2118226971721E-09,1.23802952274725E-09,1.26442246910367E-09,1.29100022852544E-09,1.31776152317122E-09,1.34470510454766E-09,1.37182974555819E-09,1.65221669414571E-09,1.94943190329225E-09,2.26256817089113E-09,2.59085101988707E-09,2.9336096378278E-09,3.29025493501276E-09,3.66026479168714E-09,4.0431719319049E-09,4.43855498429637E-09,4.84603173572818E-09,5.26525289009972E-09,5.69589823586473E-09,6.13767208182308E-09,6.59030086474917E-09,7.05350419193697E-09,7.52706601495712E-09,8.0107646623177E-09,8.50439115301873E-09,9.00774968990452E-09,9.52065540573386E-09,1.00429337581205E-08,1.05744190545753E-08,1.11149549416689E-08,1.16643914908627E-08,1.22225870207725E-08,1.2789406064187E-08,1.33647195189859E-08,1.39484039199371E-08,1.4540340604498E-08,1.51404158821301E-08,1.57485209383294E-08,1.63645511945049E-08,1.69884064741781E-08,1.76199896049953E-08,1.8259207622137E-08,1.8905969247368E-08,1.95601888725421E-08,2.02217818253414E-08,2.08906675962723E-08,2.15667675056499E-08,2.22500046759581E-08,2.29403056486646E-08,2.36375994060875E-08,2.43418165449429E-08,2.50528898273683E-08,2.57707535903335E-08,2.6495344885969E-08,2.72266019147289E-08,2.79644642278884E-08,2.87088738468395E-08,2.94597735327023E-08,3.02171079358574E-08,3.09808234852752E-08,3.17508661328689E-08,3.25271858154048E-08,3.33097312422349E-08,3.40984539756969E-08,3.48933069377906E-08,3.5694243177042E-08,3.65012169307234E-08,4.74356023664239E-08,4.84765664325753E-08,4.95250364839203E-08,5.05809616220551E-08,5.16442901141533E-08,5.27149686820134E-08,5.37929500845959E-08,5.4878183237609E-08,5.59706232910918E-08,5.70702216611663E-08,7.57823364132296E-08,7.72330447130939E-08,7.86928984805168E-08,8.01618437658828E-08,8.16398223775546E-08,8.31267848379658E-08,8.4622675565043E-08,8.61274411837799E-08,8.76410257394287E-08,8.91633847648716E-08];
