


f_1  = [0.01:0.001125:0.1, ...   % stop before 0.1
    0.11125:0.01125:1, ...      % stop before 1.0
    1.1125:0.1125:10, ...          % stop before 10
    11.125:1.125:100
]; % multi-step GR

a=[2.51965409843167E-12,2.62022635237613E-12,2.82297574793223E-12,3.13376394077336E-12,3.17470906064799E-12,3.23187968857672E-12,3.30605146786693E-12,3.39835611832459E-12,3.51031482126756E-12,3.64388774762123E-12,3.80154186247102E-12,3.98634012219141E-12,4.20205625365344E-12,4.45332040236678E-12,4.7458020484522E-12,5.08643746849541E-12,5.48370925705234E-12,5.9479842552422E-12,6.49191206768517E-12,7.13087677025906E-12,7.88347511267446E-12,8.77195919488335E-12,9.82252181928982E-12,1.10652100683545E-11,1.25331258853106E-11,1.42604346057035E-11,1.6278631061607E-11,1.86106734964829E-11,2.12632298917512E-11,2.15300118124554E-11,2.18265273778522E-11,2.2153890217719E-11,2.25133747825872E-11,2.29064244337552E-11,2.33346609247245E-11,2.37998953077547E-11,2.43041402834673E-11,2.48496240116805E-11,2.54388054124576E-11,2.60743909496322E-11,2.67593528848534E-11,2.74969489535195E-11,2.82907433437809E-11,2.91446288555514E-11,3.00628499549794E-11,3.10500263966716E-11,3.2111176894888E-11,3.32517421890638E-11,3.44776065871718E-11,3.57951168135169E-11,3.72110966508257E-11,3.8732855486134E-11,4.03681883774195E-11,4.21253647743908E-11,4.40131024354469E-11,4.60405225475926E-11,4.82170814312929E-11,5.05524738227352E-11,5.30565024420741E-11,5.5738908629023E-11,5.8609159389784E-11,6.16761875360181E-11,6.49480837572886E-11,6.84317427635091E-11,7.21324702873633E-11,7.60535634038271E-11,8.01958834382178E-11,8.4557447880871E-11,8.91330743827067E-11,9.39141148022887E-11,9.88883189192903E-11,1.04039864330024E-10,1.09349580283293E-10,1.14795378429424E-10,1.20352883817366E-10,1.25996237289161E-10,1.31699018857802E-10,1.37435224972863E-10,1.43180223640409E-10,1.48911612546172E-10,1.54609916496959E-10,1.63823683280695E-10,1.79046687974125E-10,1.78739064566026E-10,1.79157029195082E-10,1.8028780315048E-10,1.82132200192193E-10,1.84704066778083E-10,1.88030273999999E-10,1.92151226300895E-10,1.97121888634373E-10,2.03013367385449E-10,2.09915113862279E-10,2.17937856133787E-10,2.27217407282841E-10,2.37919549159058E-10,2.50246252777851E-10,2.64443572390773E-10,2.80811641967853E-10,2.99717309932272E-10,3.216100663821E-10,3.47042032149324E-10,3.76692860599148E-10,4.11400385839595E-10,4.52197620636659E-10,5.00356058176665E-10,5.57433844054742E-10,6.25324796396897E-10,7.06299930586447E-10,8.03026737560022E-10,9.18543454386978E-10,1.05615839510477E-09,1.21924377246467E-09,1.41090815949074E-09,1.63356949255456E-09,1.88850783917389E-09,2.17552939813138E-09,2.49287965116276E-09,2.83747746856956E-09,3.2054247643038E-09,3.5926437227224E-09,3.99546475528647E-09,4.41103847895328E-09,4.83753064712045E-09,5.27413053037462E-09,5.72093738776774E-09,6.17879046494309E-09,6.64909117296229E-09,7.13364577601938E-09,7.63454046794655E-09,8.1540502063985E-09,8.69457724168796E-09,9.25861326354566E-09,9.84871901588757E-09,1.04675160175894E-08,1.11176861006373E-08,1.18019754904254E-08,1.25232010064183E-08,1.32842566147921E-08,1.40881190323685E-08,1.49378514090025E-08,1.58366043349745E-08,1.67876135478619E-08,1.77941938128563E-08,1.88597284854738E-08,1.9987654334918E-08,2.11814412105804E-08,2.24445662109679E-08,2.37804820607327E-08,2.51925794726101E-08,2.66841433876392E-08,2.8258303102718E-08,2.99179764168176E-08,3.16658081056057E-08,3.35041031719363E-08,3.54347555136786E-08,3.74591727606891E-08,3.9578198228365E-08,4.17920310029836E-08,4.41001452896543E-08,4.65012101927893E-08,8.3027712432898E-08,1.15247877267159E-07,1.17953833494444E-07,5.49832563235763E-08,2.01690382476024E-10,9.47212767422668E-10,4.81517740766184E-08,1.34084367356074E-07,5.7127478309727E-07,1.89671328287078E-06,3.45626289125396E-06,1.08775877299252E-05,0.000020756625953974,2.01969187454927E-05,2.23909979310631E-05,2.30983558889524E-05,2.37730925231438E-05,2.44257595537968E-05,2.50581752041193E-05,2.56719220091262E-05,2.62683874567784E-05,2.68487960394738E-05,2.74142348423601E-05,2.79656741875478E-05,2.85039844537659E-05,2.90299499080843E-05,0.000029544280168295,3.00476197754577E-05,0.000030540556247299,3.10236268911163E-05,3.14973246074672E-05,3.19621028549333E-05,3.24183799304858E-05,0.0000328665426681,3.33069496468217E-05,3.37399339924699E-05,3.41658058439563E-05,3.45848545005888E-05,3.49973503348631E-05,3.54035464715824E-05,3.58036803004073E-05,3.61979747974525E-05,3.65866397254644E-05,3.69698727016606E-05,3.73478601582952E-05,3.77207782077543E-05,3.80887934252518E-05,3.84520635469344E-05,3.88107381277307E-05,3.91649591065374E-05,0.000039514861344897,3.98605731109342E-05,4.02022165110354E-05,0.000040539907915145,4.08737583071471E-05,4.12038736360811E-05,4.15303551276758E-05,4.18532995733017E-05,4.21727995966966E-05,4.24889439023466E-05,0.000042801817492057,4.31115018999737E-05,4.34180753642814E-05,4.37216130214964E-05,4.40221870741242E-05,4.43198669467816E-05,4.46147194275997E-05,4.49068088248195E-05,4.51961970709976E-05,4.54829438589346E-05,4.57671067356782E-05,4.60487412378867E-05,4.63279009598894E-05,0.000046604637664577,4.68790013500958E-05,4.71510403655832E-05,4.74208014537502E-05,4.76883298438743E-05,4.79536693008639E-05,4.82168622133594E-05,5.07391757909758E-05,5.30851201339142E-05,5.52812482800715E-05,0.000057348152021832,5.93021768587909E-05,6.11565510429381E-05,0.000062922156134777,6.46080694503163E-05,6.62219530871098E-05,6.77703469030116E-05,6.92588813207814E-05,7.06924456994159E-05,7.20753168315159E-05,7.34112607850698E-05,7.47036136117022E-05,7.59555148291593E-05,7.71691197574192E-05,7.83473244883814E-05,7.94921204931786E-05,8.06074417917069E-05,8.16891419098186E-05,8.27447703315616E-05,8.37738442895642E-05,8.47796479160266E-05,8.57576811404941E-05,8.67148659507768E-05,0.00008765300647583,8.85651399304504E-05,8.94601554303126E-05,9.03362603962063E-05,9.11942590735017E-05,9.20375006993298E-05,9.28588965461914E-05,9.36668987320971E-05,9.44595293624518E-05,9.52373714200834E-05,9.60009735593003E-05,9.67508532891714E-05,9.74874992224893E-05,9.82113733223901E-05,9.89229127634029E-05,0.000099625421603567,0.000100313958326714,0.000100987560397216,0.00010165369759745,0.000102311275557784,0.000102954905583734,0.000103590603606465,0.000104216758379285,0.000104833648554886,0.0001054415406603,0.000106040688684244,0.000106631336866328,0.000107213719112457,0.000107788055937298,0.000108354564683502,0.000108913449844728,0.00010946491291524,0.000110012358429042,0.000110546298958185,0.000111076587249959,0.000111600165210374,0.000112117194401333,0.000112627833893721,0.000113132227686076,0.000113634670436514,0.000114122871335513,0.000114609398211649,0.000115093296816348,0.000115565496451606,0.000116035327120728,0.000116499826087918,0.000116959121913875,0.000117413311589923,0.000117862510558293,0.000118306820199681,0.000118746340216103,0.000119184209968787,0.000119611396831896,0.000120037118242553];
