


f_1  = 1E-25 : 0.00625: 0.99999999;

a=[9.52581887537235E-14,9.52568002090727E-14,9.52531744721224E-14,9.52412629125619E-14,9.49761139946343E-14,9.44765257718486E-14,9.38737702593724E-14,9.35946165249544E-14,9.32262353951622E-14,9.27637818614247E-14,9.22006262795581E-14,9.13648836117315E-14,9.03653182368469E-14,8.96846011309899E-14,8.94166247052333E-14,8.9113897733138E-14,8.87760236557752E-14,8.84031135555701E-14,8.79955661095163E-14,8.75668335934329E-14,8.71006340348396E-14,8.65988927036752E-14,8.60626802475223E-14,8.54935593595144E-14,8.48921312925704E-14,8.41030446977157E-14,8.327813804462E-14,8.24215720562347E-14,8.15412577239196E-14,8.06328447942434E-14,7.96953828610944E-14,7.91105029810338E-14,7.85026964115821E-14,7.82953148598901E-14,7.80781293189476E-14,7.78524260248458E-14,7.76160858599451E-14,7.73713780656311E-14,7.71163764804147E-14,7.68428100487767E-14,7.65628047446231E-14,7.62725359159686E-14,7.59726745382414E-14,7.56643586215016E-14,7.53476299494917E-14,7.50227186674839E-14,7.46881793302246E-14,7.43464741426739E-14,7.39964027441243E-14,7.36389693856372E-14,7.3275509861875E-14,7.29024143554201E-14,7.25239427936366E-14,7.21392690711711E-14,7.17474928902988E-14,7.13476250507273E-14,7.09421167589482E-14,7.05301946304942E-14,7.01148896254631E-14,6.96956705087227E-14,6.92719781027101E-14,6.88432203921605E-14,6.84297939926884E-14,6.80148025193677E-14,6.75956337746404E-14,6.71717802121012E-14,6.67427035730957E-14,6.62080991282092E-14,6.56687747467497E-14,6.51340658078597E-14,6.45972602964691E-14,6.40580153702395E-14,6.35194179246227E-14,6.29846818980504E-14,6.24467267657504E-14,6.19087590645286E-14,6.13741331756191E-14,6.08391199127351E-14,6.03071314120245E-14,5.977802253714E-14,5.92552419792807E-14,5.87314841391917E-14,5.82065407057853E-14,5.76802010388486E-14,5.71634346998238E-14,5.66487595499403E-14,5.6139701379656E-14,5.56288618330317E-14,5.51234342808195E-14,5.46196591568414E-14,5.41210767631959E-14,5.36239571445386E-14,5.31318250246615E-14,5.26409769748567E-14,5.23456246005757E-14,5.20512619831189E-14,5.17473410324842E-14,5.14442696872575E-14,5.11419880193751E-14,5.08380696013749E-14,5.05371872906825E-14,5.04267386241923E-14,5.03148004582033E-14,5.02022133343517E-14,5.00889270249512E-14,4.99738991307596E-14,4.98570079068627E-14,4.97392020160179E-14,4.96204204379792E-14,4.95005995815721E-14,4.93808233117307E-14,4.92587221733808E-14,4.91371935173106E-14,4.90143976848989E-14,4.88908902165612E-14,4.87666247398937E-14,4.86415534077945E-14,4.85149506112923E-14,4.83874248472927E-14,4.82596312422831E-14,4.81300961554214E-14,4.80002153586379E-14,4.7869959124667E-14,4.77385297218503E-14,4.76066518546027E-14,4.74734927801305E-14,4.73398078870095E-14,4.7205563729574E-14,4.70707261264638E-14,4.69352601416093E-14,4.67991299909472E-14,4.66614001137801E-14,4.65238301211885E-14,4.63854829788351E-14,4.62463189337736E-14,4.61072546353774E-14,4.59682740437136E-14,4.58283912467892E-14,4.56885532856785E-14,4.55477470418577E-14,4.54059272835658E-14,4.5264088546817E-14,4.51222145108761E-14,4.49802888527083E-14,4.48382953073218E-14,4.46940518401663E-14,4.45518723365551E-14,4.44073733280025E-14,4.42627205540069E-14,4.41190266343371E-14,4.39740158397168E-14,4.38299506419873E-14,4.36845131134391E-14,4.35388358668264E-14,4.33929013875296E-14,4.32478884912009E-14,4.3102595804735E-14,4.29557843266446E-14,4.28098784079091E-14,4.26636393226849E-14];
b=[0.00281665950195678,0.00281665950905818,0.00281665935535601,0.00281665861370196,0.00281663984178681,0.002816604095329,0.00281656044374904,0.00281654009426827,0.00281651302240133,0.00281647870988443,0.0028164364445626,0.00281637272661013,0.00281629498006588,0.00281624109468746,0.00281621972223951,0.00281619541350787,0.00281616807904264,0.00281613766245093,0.00281610412338744,0.00281606850705114,0.00281602938193225,0.00281598680876087,0.00281594077110005,0.00281589128954859,0.00281583829569925,0.00281576762602924,0.00281569236432991,0.00281561267750642,0.00281552910510877,0.00281544103081874,0.00281534812652572,0.00281528913522244,0.00281522694062907,0.00281520557016445,0.00281518306880134,0.00281515955438965,0.00281513478769505,0.00281510898897752,0.00281508193532887,0.00281505271558762,0.00281502260048845,0.00281499115659121,0.002814958431231,0.00281492452431709,0.00281488941615165,0.0028148531072484,0.00281481540776198,0.00281477656808515,0.00281473642433103,0.00281469506330561,0.0028146526138111,0.00281460862238006,0.00281456356114128,0.00281451730508669,0.00281446971511481,0.00281442063536704,0.00281437033309403,0.00281431867995804,0.00281426602785071,0.00281421228470426,0.00281415735089007,0.00281410111811811,0.00281404627808268,0.00281399060673264,0.00281393372959522,0.00281387554605581,0.00281381594674035,0.00281374066852765,0.00281366357691255,0.00281358598210127,0.00281350689113807,0.00281342621115462,0.0028133443702374,0.0028132618443647,0.00281317751238602,0.00281309183496261,0.00281300532788372,0.00281291736621488,0.00281282848880076,0.00281273866133219,0.00281264847334544,0.00281255665100529,0.00281246311303421,0.00281236777363278,0.00281227262012651,0.00281217628833741,0.00281207943591601,0.00281198063309255,0.002811881249936,0.00281178054051946,0.00281167920611388,0.00281157648005175,0.00281147308230036,0.00281136822422653,0.00281130430617797,0.00281123995440753,0.00281117282137978,0.00281110516780713,0.00281103697482984,0.00281096767996371,0.00281089834313612,0.00281087274827553,0.00281084670444053,0.0028108204041264,0.00281079383303682,0.00281076674190583,0.00281073909605111,0.00281071111554651,0.00281068278225758,0.00281065407711475,0.00281062525804825,0.0028105957491942,0.00281056624873375,0.00281053630708007,0.00281050605586905,0.00281047548035892,0.00281044456517704,0.00281041312561411,0.00281038130783513,0.00281034927249706,0.00281031664475567,0.00281028377201561,0.00281025064426987,0.00281021705418302,0.00281018318308822,0.00281014881215193,0.00281011413196325,0.00281007913039162,0.00281004379488121,0.00281000811243442,0.00280997206957518,0.00280993541203319,0.00280989860447214,0.00280986139289826,0.00280982376162401,0.00280978595579015,0.00280974796979638,0.00280970953025519,0.00280967089425332,0.00280963177760109,0.00280959216141819,0.00280955231976404,0.00280951224606734,0.00280947193362977,0.00280943137564066,0.0028093899403211,0.00280934886633747,0.00280930688273917,0.00280926461148379,0.00280922237810731,0.00280917950968963,0.00280913667292644,0.00280909317426385,0.00280904934644686,0.00280900518056216,0.00280896103331888,0.00280891653784054,0.00280887130683712,0.00280882608410143,0.00280878048428307];
