


f_1  = 1E-25 : 0.00625: 0.99999999;

a=[4.41560981524573E-22,1.22524694345152E-16,3.07973962536171E-15,6.26451164025385E-16,2.244246561111E-16,1.07127224880948E-16,6.05577032749261E-17,3.82732806724257E-17,2.61754988887724E-17,1.89799473069082E-17,1.43935056651854E-17,1.13071832045434E-17,9.13778041611726E-18,7.55738960320246E-18,6.37127564535699E-18,5.4583931083639E-18,4.74053751610844E-18,4.16548021949235E-18,3.6973234575995E-18,3.31076559616076E-18,2.98757336695684E-18,2.71434573158122E-18,2.48105823199725E-18,2.28009259092905E-18,2.10557160090448E-18,1.95291802011178E-18,1.81850178768228E-18,1.69942753650138E-18,1.59335931182734E-18,1.49839521998782E-18,1.41297367773117E-18,1.33580248548454E-18,1.26580459148489E-18,1.20207620610467E-18,1.1438541532757E-18,1.09049020135085E-18,1.04143071758269E-18,9.96200419376714E-19,9.54389304688658E-19,9.15642068774635E-19,8.79649480065699E-19,8.46141310231772E-19,8.14880505820526E-19,7.85658357408297E-19,7.58290475393795E-19,7.32613421467022E-19,7.08481876036441E-19,6.8576624590269E-19,6.6435063543555E-19,6.44131119087281E-19,6.25014265014671E-19,6.06915868693465E-19,5.89759862896132E-19,5.73477376397881E-19,5.58005918492322E-19,5.43288670384066E-19,5.2927386763399E-19,5.1591426045324E-19,5.03166640752486E-19,4.90991426624167E-19,4.79352296356896E-19,4.68215865319002E-19,4.57551400006086E-19,4.47330564430092E-19,4.37527194699205E-19,4.28117098234052E-19,4.19077874569179E-19,4.10388755110884E-19,4.02030459571804E-19,3.93985067111849E-19,3.86235900480604E-19,3.78767421661895E-19,3.71565137730395E-19,3.64615515779072E-19,3.57905905931334E-19,3.51424471550643E-19,3.45160125897252E-19,3.39102474542245E-19,3.33241762950832E-19,3.27568828700075E-19,3.22075057868258E-19,3.16752345184661E-19,3.11593057557979E-19,3.06590000670727E-19,3.01736388335718E-19,2.97025814361143E-19,2.92452226681228E-19,2.88009903556172E-19,2.8369343164119E-19,2.79497685764071E-19,2.75417810254869E-19,2.71449201696522E-19,2.67587492968893E-19,2.63828538473757E-19,2.60168400449872E-19,2.56603336273307E-19,2.53129786672722E-19,2.49744364779699E-19,2.46443845944828E-19,2.43225158262378E-19,2.4008537374426E-19,2.37021700092139E-19,2.34031473024943E-19,2.31112149113187E-19,2.28261299086709E-19,2.25476601577833E-19,2.22755837266842E-19,2.20096883402463E-19,2.17497708666906E-19,2.14956368363674E-19,2.12470999902127E-19,2.10039818559742E-19,2.07661113501918E-19,2.05333244040418E-19,2.03054636116289E-19,2.00823778988707E-19,1.98639222119267E-19,1.96499572236096E-19,1.94403490566285E-19,1.92349690226911E-19,1.90336933761979E-19,1.88364030818307E-19,1.86429835949863E-19,1.84533246541955E-19,1.82673200850301E-19,1.80848676143659E-19,1.7905868694855E-19,1.77302283384618E-19,1.75578549589939E-19,1.73886602226754E-19,1.72225589065941E-19,1.70594687643355E-19,1.68993103985037E-19,1.67420071396772E-19,1.65874849314362E-19,1.64356722211118E-19,1.6286499855924E-19,1.61399009842191E-19,1.59958109614853E-19,1.58541672609235E-19,1.57149093882729E-19,1.55779788007245E-19,1.54433188296151E-19,1.53108746067482E-19,1.51805929941774E-19,1.50524225171413E-19,1.49263133001753E-19,1.48022170060403E-19,1.46800867774378E-19,1.45598771813662E-19,1.44415441558742E-19,1.43250449592698E-19,1.4210338121449E-19,1.40973833974351E-19,1.39861417228683E-19,1.38765751714225E-19,1.37686469140587E-19,1.36623211799798E-19,1.35575632192445E-19,1.34543392669199E-19];
b=[5.71229509322657E-11,1.40455169940814E-05,0.000428088696089213,0.000461236848396677,0.000472402481895305,0.000478422418051429,0.000482144090428849,0.000484646871582213,0.000486429281217985,0.00048775288798765,0.000488767747425112,0.000489565830459865,0.000490206464891992,0.000490729517404975,0.000491162690584552,0.000491525782997299,0.000491833287546386,0.000492096035528652,0.000492322269928284,0.000492518365300112,0.000492689322169899,0.000492839113752665,0.00049297093367982,0.000493087375988758,0.000493190573158176,0.000493282273259692,0.000493363950272198,0.000493436836801486,0.000493501975396517,0.00049356025343876,0.000493612430678902,0.00049365916115515,0.00049370101077845,0.000493738471546329,0.00049377197310959,0.000493801892250128,0.000493828560689959,0.000493852271566741,0.000493873284830706,0.000493891831764595,0.000493908118792035,0.000493922330694242,0.000493934633347097,0.000493945176052575,0.000493954093535818,0.000493961507664046,0.000493967528926603,0.000493972257718094,0.000493975785451759,0.000493978195530389,0.000493979564193794,0.000493979961262288,0.000493979450789243,0.000493978091637166,0.000493975937985479,0.000493973039780228,0.000493969443134285,0.000493965190682286,0.000493960321897369,0.000493954873374174,0.000493948879082252,0.000493942370593298,0.00049393537728543,0.000493927926526455,0.000493920043840469,0.000493911753056832,0.000493903076446073,0.000493894034842778,0.000493884647756544,0.00049387493347381,0.00049386490914989,0.000493854590892927,0.000493843993840977,0.000493833132231663,0.000493822019466896,0.000493810668171558,0.000493799090247199,0.000493787296922059,0.000493775298796409,0.000493763105884622,0.000493750727653776,0.000493738173059579,0.000493725450579079,0.000493712568241272,0.000493699533655341,0.000493686354036736,0.000493673036231427,0.000493659586738281,0.000493646011730177,0.000493632317073058,0.000493618508344394,0.000493604590849682,0.000493590569638286,0.000493576449517923,0.000493562235068444,0.000493547930654426,0.000493533540437209,0.000493519068385994,0.000493504518288148,0.000493489893759135,0.000493475198251625,0.000493460435063969,0.00049344560734843,0.000493430718118579,0.000493415770256585,0.000493400766519638,0.000493385709546523,0.000493370601863364,0.000493355445889217,0.000493340243941398,0.000493324998240356,0.000493309710914394,0.000493294384004022,0.000493279019466275,0.000493263619178405,0.000493248184941817,0.000493232718485466,0.000493217221469267,0.000493201695487193,0.000493186142070254,0.00049317056268935,0.000493154958757977,0.000493139331634722,0.000493123682625714,0.000493108012986841,0.000493092323926052,0.000493076616605316,0.000493060892142617,0.0004930451516138,0.000493029396054444,0.00049301362646139,0.00049299784379448,0.000492982048978015,0.000492966242902258,0.000492950426424791,0.000492934600371866,0.000492918765539619,0.000492902922695331,0.000492887072578552,0.000492871215902177,0.000492855353353514,0.000492839485595302,0.000492823613266598,0.000492807736983789,0.000492791857341368,0.00049277597491284,0.000492760090251457,0.000492744203891028,0.000492728316346634,0.000492712428115327,0.000492696539676773,0.000492680651493968,0.000492664764013742,0.000492648877667458,0.000492632992871505,0.000492617110027831,0.00049260122952454,0.000492585351736304,0.000492569477024884,0.000492553605739573];
