


f_1  = 1E-25 : 0.003125: 0.99999999;

a=[9.38098594430276E-19,1.6408793348141E-07,1.87743437366911E-13,1.25354939505402E-14,3.19834817031465E-15,1.26325165659282E-15,6.26450844319965E-16,3.57466005504112E-16,2.24424649887314E-16,1.51020151563594E-16,1.07127410918148E-16,7.92084942257886E-17,6.05577213855184E-17,4.75913174393763E-17,3.82732835303703E-17,3.13873069530736E-17,2.61754995036891E-17,2.21483900024202E-17,1.89799474706439E-17,1.64470859218697E-17,1.43935057160931E-17,1.27073788359014E-17,1.13071377940512E-17,1.01324477690281E-17,9.13775529865709E-18,8.28834195727377E-18,7.55737500011273E-18,6.92387559659823E-18,6.37126679179659E-18,5.88632106406559E-18,5.45838754424092E-18,5.07881772676802E-18,4.74053390831503E-18,4.4377015031316E-18,4.1654778151927E-18,3.91981767868343E-18,3.69732181593294E-18,3.49511757807267E-18,3.31076445061667E-18,3.14217864970792E-18,2.98757255187419E-18,2.84540573087401E-18,2.71434514133909E-18,2.59323255698399E-18,2.48105779769793E-18,2.37693660466526E-18,2.28009226668997E-18,2.18984029139976E-18,2.10557556014025E-18,2.02676151837865E-18,1.95292104260176E-18,1.88362869366852E-18,1.81850412199769E-18,1.75720643328036E-18,1.69942935854512E-18,1.64489710017779E-18,1.5933607481017E-18,1.54459517851281E-18,1.49839636249912E-18,1.45457902368983E-18,1.41297459433221E-18,1.37342942710411E-18,1.33580322667614E-18,1.29996767082777E-18,1.26580519528333E-18,1.23320792044657E-18,1.20207670140203E-18,1.17232028526749E-18,1.14385456221512E-18,1.11660189845596E-18,1.09049054106308E-18,1.06545408595394E-18,1.04143100141489E-18,1.0183642006716E-18,9.96200657809168E-19,9.74891062035129E-19,9.54389506010014E-19,9.34653204442766E-19,9.15642239596879E-19,8.97319330844175E-19,8.79649625663698E-19,8.62600509842237E-19,8.46141434878689E-19,8.30243760818848E-19,8.14880612969332E-19,8.00026751097595E-19,7.8565844988E-19,7.71753389512304E-19,7.58290555497657E-19,7.45250146727971E-19,7.32613491106405E-19,7.20362967979884E-19,7.08481936779954E-19,6.96954671292151E-19,6.85766299063966E-19,6.74902745477274E-19,6.64350682101981E-19,6.54097478928026E-19,6.44131160174336E-19,6.3444036334784E-19,6.25014301293329E-19,6.15842726982641E-19,6.06915900811951E-19,5.9822456021728E-19,5.89759891406978E-19,5.8151350305026E-19,5.7347740176964E-19,5.65643969290176E-19,5.58005941124452E-19,5.50556386671272E-19,5.43288690619705E-19,5.36196535569886E-19,5.29273885767573E-19,5.22514971880332E-19,5.15914276737111E-19,5.09466521955588E-19,5.03166655405796E-19,4.97009839439031E-19,4.90991439835701E-19,4.85107015419661E-19,4.79352308292693E-19,4.73723234647676E-19,4.68215876121405E-19,4.62826471651433E-19,4.57551409799758E-19,4.52387221519E-19,4.47330573325133E-19,4.42378260856927E-19,4.37527202791817E-19,4.32774435099156E-19,4.2811710560813E-19,4.23552468870194E-19,4.19077881298944E-19,4.14690796569492E-19,4.10388761261958E-19,4.06169410732196E-19,4.02030465201642E-19,3.97969726045248E-19,3.93985072272739E-19,3.90074457188179E-19,3.86235905218039E-19,3.82467508899315E-19,3.78767426016273E-19,3.751338768794E-19,3.71565141737493E-19,3.68059558315545E-19,3.64615519471849E-19,3.61231470966599E-19,3.57905909337961E-19,3.54637379876653E-19,3.51424474697317E-19,3.48265830898401E-19,3.45160128807333E-19,3.42106090306835E-19,3.39102477236788E-19,3.36148089868546E-19,3.33241765448231E-19,3.30382376804054E-19,3.27568831016645E-19,3.24800068146955E-19,3.22075060019946E-19,3.19392809061525E-19,3.16752347184875E-19,3.14152734725172E-19,3.11593059419323E-19,3.09072435429012E-19,3.06590002404546E-19,3.04144924587709E-19,3.01736389952552E-19,2.9936360938042E-19,2.97025815869651E-19,2.94722263777106E-19,2.9245222809025E-19,2.90215003728683E-19,2.88009904873494E-19,2.85836264322832E-19,2.83693432873745E-19,2.81580778727492E-19,2.79497686918024E-19,2.77443558763109E-19,2.75417811336253E-19,2.73419876958721E-19,2.71449202710949E-19,2.69505249962812E-19,2.67587493920765E-19,2.65695423192578E-19,2.6382853936813E-19,2.619863566151E-19,2.60168401290443E-19,2.58374211565329E-19,2.56603337063831E-19,2.54855338515039E-19,2.53129787416951E-19,2.51426265713284E-19,2.49744365480697E-19,2.48083688628087E-19,2.46443846605639E-19,2.44824460124384E-19,2.43225158885684E-19,2.41645581319503E-19,2.4008537433232E-19,2.38544193063051E-19,2.37021700647609E-19,2.35517567991487E-19,2.34031473549812E-19,2.32563103114592E-19,2.31112149609441E-19,2.29678312890949E-19,2.28261299556302E-19,2.26860822757665E-19,2.25476602022329E-19,2.24108363078715E-19,2.22755837687922E-19,2.21418763481126E-19,2.20096883801438E-19,2.18789947551482E-19,2.17497709045239E-19,2.1621992786501E-19,2.14956368722553E-19,2.13706801324657E-19,2.12471000242777E-19,2.11248744786937E-19,2.10039818883315E-19,2.08844010955435E-19,2.07661113809335E-19,2.0649092452191E-19,2.05333244332754E-19,2.0418787853911E-19,2.03054636394229E-19,2.01933331008394E-19,2.00823779253158E-19,1.99725801668203E-19,1.98639222371074E-19,1.97563868969408E-19,1.96499572475925E-19,1.9544616722545E-19,1.9440349079486E-19,1.93371383924999E-19,1.92349690444766E-19,1.91338257197556E-19,1.90336933969702E-19,1.89345573420921E-19,1.88364031016569E-19,1.87392164962091E-19,1.86429836139027E-19,1.85476908042881E-19,1.84533246722676E-19,1.83598720722204E-19,1.82673201022851E-19,1.81756560987957E-19,1.80848676308645E-19,1.79949424951327E-19,1.79058687106228E-19,1.78176345137672E-19,1.77302283535454E-19,1.76436388867599E-19,1.75578549734227E-19,1.74728656722915E-19,1.73886602364894E-19,1.73052281092578E-19,1.72225589198213E-19,1.71406424793435E-19,1.70594687770042E-19,1.69790279761662E-19,1.68993104106431E-19,1.68203065810584E-19,1.67420071513112E-19,1.66644029451047E-19,1.65874849425899E-19,1.65112442770716E-19,1.64356722318093E-19,1.63607602368921E-19,1.62864998661915E-19,1.62128828343879E-19,1.61399009940743E-19,1.60675463329273E-19,1.59958109709483E-19,1.59246871577627E-19,1.58541672700067E-19,1.57842438087515E-19,1.57149093970008E-19,1.56461567772535E-19,1.55779788091118E-19,1.55103684669587E-19,1.54433188376781E-19,1.53768231184332E-19,1.53108746145061E-19,1.52454667371733E-19,1.51805930016363E-19,1.51162470250046E-19,1.50524225243211E-19,1.49891133146264E-19,1.49263133070851E-19,1.48640165071351E-19,1.480221701269E-19,1.47409090123838E-19,1.46800867838441E-19,1.46197446920207E-19,1.45598771875327E-19,1.45004788050704E-19,1.44415441618188E-19,1.43830679559261E-19,1.43250449649966E-19,1.42674700446293E-19,1.42103381269724E-19,1.41536442193259E-19,1.40973834027627E-19,1.4041550830784E-19,1.39861417280047E-19,1.39311513888666E-19,1.38765751763786E-19,1.38224085208805E-19,1.37686469188412E-19,1.3715285931679E-19,1.3662321184597E-19,1.36097483654645E-19,1.3557563223699E-19,1.35057615691873E-19,1.34543392712227E-19,1.34032922574644E-19];
